err_svd=[2.22322e-15; 5.77849e-15; 1.3164e-13; 1.652e-13; 5.39443e-13; 5.11518e-12; 1.53374e-11; 1.9864e-10; 8.82721e-10; 4.86137e-08; 2.60895e-08; 6.96875e-07; 3.15848e-06; ];
err_eig  =[5.61018e-14; 7.58044e-13; 8.48284e-12; 2.05785e-09; 1.73181e-09; 2.31381e-06; 4.53991e-05; 0.0057099; 0.0162007; 1.06447; 16.4817; 24.1544; 19.6004; ];
times_svd=[4.682e-06; 1.0163e-05; 2.3343e-05; 2.7528e-05; 3.2804e-05; 4.3877e-05; 5.0906e-05; 5.757e-05; 9.7474e-05; 9.6039e-05; 0.000124954; 0.000107704; 0.000112621; ];
times_eig=[3.752e-06; 5.2e-06; 6.782e-06; 1.0377e-05; 1.429e-05; 2.2016e-05; 2.792e-05; 3.8663e-05; 4.1627e-05; 7.4622e-05; 6.53e-05; 6.493e-05; 8.1857e-05; ];
