err_svd=[1.73205; 2; 2.23607; 3.05103; 3.21073; 4.50182; 4.61155; 6.06049; 6.14244; 7.6776; 7.74245; 9.3312; 9.38463; ];
err_eig  =[1.73205; 2; 2.23607; 3.05103; 3.21073; 4.50182; 4.61155; 6.06049; 6.14244; 7.6776; 7.74245; 9.3312; 9.38463; ];
times_svd=[3.992e-06; 5.718e-06; 1.9886e-05; 1.5908e-05; 2.711e-05; 3.483e-05; 4.3775e-05; 4.3918e-05; 6.5939e-05; 5.23e-05; 4.4387e-05; 5.1246e-05; 0.000108156; ];
times_eig=[0; 2e-09; 1e-09; 0; 1e-09; 1e-09; 1e-09; 1e-09; 1e-09; 1e-09; 0; 1e-09; 1e-09; ];
